0
0
0
0
0
0
0
0
0
0
1110001101111011
1000001000010111
0100011110101111
0000010100010110
0100101110100101
0000100100011111
1111001011110001
0000010100010110
0000000010100111
1011111100111010
0100000100011111
1000010010000110
0001001111110010
0100110010110100
0000011100011111
0110101111011101
0001010010110011
0001111001001101
0000100100011101
1000000111000011
0000100100011101
0110111000010010
0000100100011101
1001001011001100
0000100100011111
0010101110010100
1010011000101110
1100110101001110
0100000001101001
1110110101100100
0111001100010001
0000011100011111
0100011110001110
1000010111011000
1111001001101010
1111011100000100
1001010100101101
0000011100011111
0101100110010010
0000111000001101
0000010101011111
0110110110011101
0000100100011101
1111111110001100
0000010100010110
1010101110001101
0000011100011111
0101100101101010
0000111000001101
0101010000011111
0000011100011111
0000100100011111
1110111101010010
0000010100010110
0000011100011111
1010000111111110
0000111000001101
0000010100010110
0101001011000101
0000100100011101
0000011100011111
0010110101011010
0000111000001101
0110001011010110
1011101010010110
1010000110000101
0000010100010110
1100010001101010
0000100100011111
1111110100111000
0000010100010110
1111010111110111
1111011100010110
0100110110011100
0110111111100100
1100011010000100
0010001101001100
0000011100011111
1000000100011101
0110100001110011
1001001101011110
0000100100011101
0000110100000011
0000100100011101
0111110011101011
0000100100011101
0110011101101101
0000100100011111
0010010001000001
1000010000110001
1010011000011100
1100011100101110
0100101010100001
0100111000000010
0000011100011111
0100000010001100
1100001010011101
1001001000101010
1111000011011000
0000101000010111
0000011100011111
1110100011111101
0000111000001101
0101011010100101
1010010101000111
0000100100011101
0011010011111010
0000010100010110
1110111100010000
0000011100011111
1001001101100100
0000111000001101
0011000001001010
0000011100011111
0000100100011111
0101100111001111
0000010100010110
0000011100011111
1100010100111010
0000111000001101
0000010100010110
0010000110001010
0000100100011101
0000011100011111
0010101110111001
0000111000001101
0100110110101101
0001011111000001
0110111000101010
0000010100010110
1100010000110100
0000100100011111
0001000110111101
0000010100010110
1111010000110000
1010011101110000
1100000111000001
1001010011111101
0000011110000000
0110011001110111
0000011100011111
1000001011011110
0101100101010010
1111101111001111
0000100100011101
1110010111100101
0000100100011101
1011001010100101
0000100100011101
0101011101000010
0000100100011111
0110101001010010
1111110101011011
1010110110010110
1111110010100000
0011011101011000
1000110110010111
0000011100011111
0001001111000010
1011110101011110
0010011101110111
0101101000100111
0110110110010001
0000011100011111
1101011111011001
0000111000001101
1001000000110101
0101111010110010
0000100100011101
1111000010100111
0000010100010110
1010011011111100
0000011100011111
1000101111101111
0000111000001101
1000011111011010
0000011100011111
0000100100011111
1101101101101110
0000010100010110
0000011100011111
1101100111011110
0000111000001101
0000010100010110
1100101000010000
0000100100011101
0000011100011111
1011110111100101
0000111000001101
0101100011000110
1000111001101100
1000010000001101
0000010100010110
0101101110100110
0000100100011111
0000000010001010
0000010100010110
0011001011011001
0001101111010010
1000010101010011
1111110100101001
1101010001011010
1001001110101101
0000011100011111
0111000100110000
0111100100011101
0010010100000011
0000010100010110
1110100101110010
0000100100011111
0101100101110100
0000010100010110
1011001010101000
1100000101000110
1001111110110011
0001000110110001
1111001000001111
0111001010110111
0000011100011111
0001011000101000
0010011001110011
1111011000011110
0000100100011101
1011101110101001
0000100100011101
0011100110000111
0000100100011101
0010111110001110
0000100100011111
0111101101001111
1110010010011101
0110011001111100
1111101000001110
0101101110110100
1011010100011100
0000011100011111
1110100010111011
1000110001011000
1100001010101000
0011110110001111
0010000101110101
0000011100011111
0111001110010001
0000111000001101
0011000010001001
0110110111011111
0000100100011101
1010011000110101
0000010100010110
0111101101001001
0000011100011111
0101011000011011
0000111000001101
0010111111010000
0000011100011111
0000100100011111
1001101100011010
0000010100010110
0000011100011111
0001110110100011
0000111000001101
0000010100010110
0011010010001100
0000100100011101
0000011100011111
0111100111111000
0000111000001101
1101101111100101
1111010010000110
0000101110001000
0000010100010110
1001001001010100
0000100100011111
0110010111111010
0000010100010110
1101100001111010
1110110000101011
0100010111111111
0111110011110100
1110100010011101
0010001101000011
0000011100011111
1101101110011010
1001100100001101
1010100101101001
0000100100011101
0010001111000110
0000100100011101
0010101110010010
0000100100011101
0110101111010011
0000100100011111
1010110110101110
1000010101011110
0001011001101110
1111100010011101
1110001101100110
1100001001010100
0000011100011111
1100111010110111
0010011001101100
0000001000101011
1101111100000110
1000110000011000
0000011100011111
1110011110101110
0000111000001101
0011100001011010
1010100000001101
0000100100011101
0010110100110011
0000010100010110
1100000010001101
0000011100011111
0011000010100000
0000111000001101
1011110001000111
0000011100011111
0000100100011111
1001100100100110
0000010100010110
0000011100011111
1111011000010110
0000111000001101
0000010100010110
1010010010001011
0000100100011101
0000011100011111
0110001100111011
0000111000001101
0000011100101000
1010100010101000
1110011101110110
0000010100010110
0010100000110011
0000100100011111
1111111101011110
0000010100010110
1011011111011111
0101100001011010
1111111011111100
0101010100001101
1111110110000010
0000100010010001
0000011100011111
0111000010011011
0100100111110011
1011100001101010
0000100100011101
0111111001010000
0000100100011101
1110011010010011
0000100100011101
0100101111010001
0000100100011111
1010110001000111
1101100111100001
1010100010101110
0110000101010111
1001101100101111
0000101100010001
0000011100011111
1011110001000001
1010011010110011
1111000010001101
0111010100001010
1011100000010101
0000011100011111
0001101001000101
0000111000001101
1010101111010111
0100000100100110
0000100100011101
0101011100000001
0000010100010110
1011101111110100
0000011100011111
0000001101101111
0000111000001101
0001110101001011
0000011100011111
0000100100011111
1100100101000110
0000010100010110
0000011100011111
1111100000001101
0000111000001101
0000010100010110
1011000101001101
0000100100011101
0000011100011111
1010111011100101
0000111000001101
0101000011011111
0011111111101101
1110011101101101
0000010100010110
0101010100011100
0000100100011111
0100101100000110
0000010100010110
0101000011010010
1110010001110010
1110010010101100
0011101000100011
1101101001101001
0011010100010101
0000011100011111
1010001111001101
1110111001100110
1101000001101110
0000010100010110
0111001001011111
0000100100011111
1111000100000111
0000010100010110
0001101010111000
0100000000110001
0111000110110010
0010110100101110
0011101100110100
0111111100101101
0000011100011111
1110010111010111
1011100100110000
1100010101100110
0000100100011101
1001011110001101
0000100100011101
0100010100100111
0000100100011101
1001101110100101
0000100100011111
1000110010101000
0000011011101110
0001010110001000
1000000001000111
1001000101010110
1101001100011111
0000011100011111
1000010011010001
0111110010001010
1100100001111110
0101111101110010
0111101100001000
0000011100011111
0100101011111110
0000111000001101
0010111000000010
1010101111011010
0000100100011101
0110010110110010
0000010100010110
0000000110010101
0000011100011111
0100000101110000
0000111000001101
0100001001101111
0000011100011111
0000100100011111
0100010000100000
0000010100010110
0000011100011111
1111011001011101
0000111000001101
0000010100010110
0011111011010100
0000100100011101
0000011100011111
1110111010110001
0000111000001101
1110111001111111
0100110001000101
1011110011000111
0000010100010110
0111010100111000
0000100100011111
0110110100000111
0000010100010110
0010111010111011
1011101011100110
0011000101101110
1001000000001101
0111011011011011
1011111100000100
0000011100011111
0001010000011001
1101001100110000
0100010111111000
0000100100011101
1010111010000010
0000100100011101
1111010101100110
0000100100011101
0111011011001101
0000100100011111
0100111000011010
0001110001101001
0011001100001100
0010111000101101
1111111111100100
1010110101111101
0000011100011111
1001001010010001
1011110011011001
0001100011001010
0111111101010000
0111110111110111
0000011100011111
0100001000000101
0000111000001101
1101100101010000
0011111000010000
0000100100011101
1100101010000001
0000010100010110
0111011010011110
0000011100011111
0111110110010000
0000111000001101
0100110100000111
0000011100011111
0000100100011111
0110000000100011
0000010100010110
0000011100011111
1011000000010111
0000111000001101
0000010100010110
0010110111011010
0000100100011101
0000011100011111
1010001010000111
0000111000001101
1001000110010100
0011010101101111
0010001010001000
0000010100010110
0011111101010101
0000100100011111
1110000000001110
0000010100010110
1011010101001110
0010111110110111
0001110011001001
1100101101000000
1011010100100011
1011110000111101
0000011100011111
0001000001100111
1110111000000110
0101000101000010
0000100100011101
0001000000010111
0000100100011101
1110100111011011
0000100100011101
0100010111100011
0000100100011111
0101010100111000
0000101111110111
1101110000011111
1000111110011010
0010000011010011
0010111011101110
0000011100011111
0000000110011100
1000111011101111
1011011001000110
0001000110001000
0101101011011010
0000011100011111
1000011000101101
0000111000001101
0011101101110100
1100110100001111
0000100100011101
0000011000100100
0000010100010110
1010010110110001
0000011100011111
0101001100100101
0000111000001101
1000000101000001
0000011100011111
0000100100011111
0110000110010000
0000010100010110
0000011100011111
0110101010010110
0000111000001101
0000010100010110
1010101110000100
0000100100011101
0000011100011111
1111110001000000
0000111000001101
0001000010000011
1100110100000100
0000101111011010
0000010100010110
0101010100010001
0000100100011111
0111011010101010
0000010100010110
0111011000100010
1010000111111101
1011101101100100
0001110110011000
0000101000001111
1110111010001011
0000011100011111
0000101010111111
0000101010000000
1110000101100111
0000010100010110
1100001000001011
0000100100011111
0100101100001000
0000010100010110
0000110000011111
1010000010000111
0001100111011000
0001000111000000
1100011000111110
0101011110100001
0000011100011111
1111110011100001
1110011000110000
1000001100001000
0000100100011101
1100011001101111
0000100100011101
1100110010111001
0000100100011101
0011101001110111
0000100100011111
1010111000010010
0100001011011111
0011111000110100
1001000111000011
1011010010001001
1010011000000010
0000011100011111
1111010111101001
0111101011110011
0111110000110010
1000011101111110
0100001011011111
0000011100011111
1110101110111001
0000111000001101
1011010001011011
0011110011011111
0000100100011101
1111101100010111
0000010100010110
1111011101000111
0000011100011111
0100000000010010
0000111000001101
0110110101110000
0000011100011111
0000100100011111
0110101000100001
0000010100010110
0000011100011111
1010101010010001
0000111000001101
0000010100010110
1001010011100100
0000100100011101
0000011100011111
1001100101101100
0000111000001101
1011011011101101
0110110111110001
1100010110100000
0000010100010110
0110100111110110
0000100100011111
0101011011111101
0000010100010110
1011011010101111
0000000011000011
1101101000000101
0011111101011000
0010000001110000
0110001110111101
0000011100011111
1000011101111001
0111010101101001
0011010111110000
0000100100011101
1011101101001001
0000100100011101
1100101001000011
0000100100011101
1001110011101111
0000100100011111
1010110110011101
0111111001100101
0000000001011101
0000111111000101
0000100101000010
0000100000010101
0000011100011111
1000000010100010
1011101110010101
1001100111110110
1011001001010100
1100001011111100
0000011100011111
1111110001010011
0000111000001101
1101010111100100
0010111111000011
0000100100011101
1101011110111101
0000010100010110
1010010000011111
0000011100011111
0100111010101111
0000111000001101
0110000111111010
0000011100011111
0000100100011111
0111000000010100
0000010100010110
0000011100011111
0111011011010010
0000111000001101
0000010100010110
1011111101101000
0000100100011101
0000011100011111
1000101011000000
0000111000001101
1101100101000111
0111110011101100
1011101011101111
0000010100010110
1111100100010101
0000100100011111
1000111010111101
0000010100010110
0000110111001100
1000101001100110
1100011010110111
0010000010000001
1110101110100111
1000001101011100
0000011100011111
0010001111011100
1011010100101110
1101000101101110
0000100100011101
1011100110111111
0000100100011101
1101000010000110
0000100100011101
0100111000110111
0000100100011111
0010100110100100
1001011100110110
1000111010110111
1111000010000001
0101010001100111
1011101000111111
0000011100011111
0011100011100001
0110110010001010
1111111000000100
1011111000010011
1111100001000011
0000011100011111
0111011000000100
0000111000001101
1101100110111100
1101101011010111
0000100100011101
0101011010011100
0000010100010110
1110110100011010
0000011100011111
0001100100001010
0000111000001101
0110000010111010
0000011100011111
0000100100011111
1011001101001010
0000010100010110
0000011100011111
1011100100011100
0000111000001101
0000010100010110
1110000001110011
0000100100011101
0000011100011111
1101111011001001
0000111000001101
1011110101101100
0100010110000110
1111101010110001
0000010100010110
1111010110001010
0000100100011111
0110111110110010
0000010100010110
0101010111111100
1010101011101010
1001011000000011
1100010111000100
1010010001101110
1101101111000100
0000011100011111
1001101100100100
0011110110101010
1100011101100110
0000010100010110
0010011110100110
0000100100011111
1110000010010100
0000010100010110
0100111001100010
1001100100100010
0001111111000010
1001110100100001
0001100110100000
1010111000000000
0000011100011111
1101000101101101
1001111011010100
1100101001110110
0000100100011101
1001010000011001
0000100100011101
1100011101000001
0000100100011101
0001001011100111
0000100100011111
1111101001000001
1000110000111100
1001010001111001
0010011100011011
1110010010111011
0110001001110101
0000011100011111
1110111101000101
0110001110101110
1100100010110010
0111000010100011
1011110110100100
0000011100011111
1001010000101110
0000111000001101
1001101011111010
1101010100001110
0000100100011101
1011111001111100
0000010100010110
1110100100011111
0000011100011111
1001001001100111
0000111000001101
0001000011010010
0000011100011111
0000100100011111
1000000111110001
0000010100010110
0000011100011111
0100010110000110
0000111000001101
0000010100010110
1001110100110001
0000100100011101
0000011100011111
0001111001001011
0000111000001101
0011000110010011
1010111000100010
0010110111111010
0000010100010110
0000001101111010
0000100100011111
0111011100010011
0000010100010110
0000111011011111
0010001000011001
1111111011000110
0100110000000111
1010001111111111
1110100000110111
0000011100011111
1111011110000010
1110011101001100
1101100001000101
0000100100011101
1000101001110111
0000100100011101
0010010010111011
0000100100011101
1101010100011001
0000100100011111
0010101001101110
0011001111111111
0111011000100000
0000010000100000
1101010001001101
1101101000110101
0000011100011111
0110001101010111
0001100100001100
0001110000000011
1100000010011000
1001110011110100
0000011100011111
1111010010101000
0000111000001101
0011001110011101
1111100011000011
0000100100011101
1110000011011001
0000010100010110
1001101110100101
0000011100011111
1000000101000010
0000111000001101
0101000101011001
0000011100011111
0000100100011111
1001001001110111
0000010100010110
0000011100011111
1101001101110110
0000111000001101
0000010100010110
0001000011100110
0000100100011101
0000011100011111
0011010001101111
0000111000001101
0111110111010011
1000010000000000
0100111100001100
0000010100010110
0001000000111011
0000100100011111
0111101111000000
0000010100010110
0111000000000010
0000000101110000
1100010101010011
1101001000110010
1111111000010111
1111101010010011
0000011100011111
0001000110001101
1100000100000111
1110001101110101
0000100100011101
1011011110100011
0000100100011101
1110100001001100
0000100100011101
0000010000000010
0000100100011111
1101110001000100
1110100000111111
1001010010000101
1010010010011010
0100100000101110
1111001011101001
0000011100011111
0101010101000100
1111110011100100
1101010110000100
0110001011011000
0111011001101000
0000011100011111
0010010100011110
0000111000001101
1111111101000111
1010000010000100
0000100100011101
1111100111001101
0000010100010110
0000100001000011
0000011100011111
0100011000001000
0000111000001101
1010011101011111
0000011100011111
0000100100011111
1010111110000000
0000010100010110
0000011100011111
1110011110010010
0000111000001101
0000010100010110
0111100101101100
0000100100011101
0000011100011111
1111111011110001
0000111000001101
1000011101101000
0011110010000001
1011110011101110
0000010100010110
0001001101101000
0000100100011111
0110011100110000
0000010100010110
0000101111100110
1111100110111100
0111110111110101
1110000000111000
1010001000111101
1010101001010100
0000011100011111
0010010111011101
1110010110111010
1010000111101011
0000010100010110
0111001110000010
0000100100011111
0111001001111100
0000010100010110
1111010000001011
1011001000001001
1101100011110101
0101111100110100
1000000000110000
0111101111011111
0000011100011111
0100011110110010
1010010001111001
0101101101000001
0000100100011101
1110100101101001
0000100100011101
1010110010001110
0000100100011101
0010001000001110
0000100100011111
1011110010110011
0010001111100010
1101010111100101
0110111111001100
0000100011110010
1010101110101010
0000011100011111
0010000101001011
0011100000011000
1010010011111110
1110001110010110
0000010010111011
0000011100011111
1111010010011001
0000111000001101
0011011010010001
0111000000010000
0000100100011101
1110100110011011
0000010100010110
0011010101000010
0000011100011111
1000000010110000
0000111000001101
1001001101000001
0000011100011111
0000100100011111
0101011010100000
0000010100010110
0000011100011111
0111010110000101
0000111000001101
0000010100010110
0011101111011001
0000100100011101
0000011100011111
1010111101001100
0000111000001101
0001101101010001
0111101100001000
1001101000100101
0000010100010110
1000100000110101
0000100100011111
0000011000110111
0000010100010110
0101111110011110
1110101110111100
0111000001101100
1111011010011110
1111011001111001
0001010110101111
0000011100011111
1001110011010001
0001001011110000
1110010111111000
0000100100011101
0001110111100001
0000100100011101
1010010001110000
0000100100011101
0000001101011010
0000100100011111
1101111101010100
0011011100000011
0100110101001001
0000111010101001
1001010101111001
0000101111100101
0000011100011111
0101100101101111
1011110011101110
1110000101010101
1011111000010011
0101010101110111
0000011100011111
0100110110010010
0000111000001101
0100001010100110
0111100000111011
0000100100011101
1101000001011110
0000010100010110
1100011110101001
0000011100011111
1111011110111100
0000111000001101
1111000010000000
0000011100011111
0000100100011111
1000101010010010
0000010100010110
0000011100011111
0000111110011000
0000111000001101
0000010100010110
0100010101110100
0000100100011101
0000011100011111
0110010100010011
0000111000001101
0110000010111111
0111111010100001
0111001000110011
0000010100010110
0011101000000001
0000100100011111
1100011110001010
0000010100010110
0000011101001110
1000000101110000
1100111011011010
0110111010100011
1111001000001101
1000010010010110
0000011100011111
1101111000100001
1000110010100101
0110011001111101
0000100100011101
1011001000000011
0000100100011101
1001001101111101
0000100100011101
0010100011010001
0000100100011111
1101101101010101
0011100100111000
1111111100111010
1011100111011111
1101111000111111
0111000111011111
0000011100011111
0010011011001110
1100011110111001
0001011000111011
0111110110111110
1000010100010001
0000011100011111
0100101111101110
0000111000001101
1011000010101000
1111001010010101
0000100100011101
0101111101111111
0000010100010110
0111101101011110
0000011100011111
0111111110110000
0000111000001101
0101111001111110
0000011100011111
0000100100011111
0011101000110001
0000010100010110
0000011100011111
0001010010101101
0000111000001101
0000010100010110
1011001010011000
0000100100011101
0000011100011111
0100001111000001
0000111000001101
1101101101010001
0001101100000000
1010000000010110
0000010100010110
1100100001000111
0000100100011111
1101000100111101
0000010100010110
0001010100001011
0101001010000001
1110111100010011
0001101100010101
1111001110101011
0101011001001010
0000011100011111
1010110111011101
0011000010111011
0000110101000100
0000010100010110
1011110000000010
0000100100011111
0111100100011001
0000010100010110
1100100101011010
1110110011111000
1001100110100111
1011101100111100
0000100001001000
1000110111000000
0000011100011111
0110000000101011
1110110010101000
1010110110010001
0000100100011101
1000100110100100
0000100100011101
1011111010011011
0000100100011101
0110111010110010
0000100100011111
1011110100011111
0111101100000000
1101010000110110
1110001010010000
0100010010101000
0101010111000010
0000011100011111
0111000110011001
1011000001110010
1101010011000100
1000110101000100
0101010001111001
0000011100011111
1000000011011100
0000111000001101
1101101110010010
1000100010000100
0000100100011101
0111000001010110
0000010100010110
1001101011101100
0000011100011111
1100011100001101
0000111000001101
1101010001110101
0000011100011111
0000100100011111
0001010110001100
0000010100010110
0000011100011111
0000000111001010
0000111000001101
0000010100010110
1011000001101000
0000100100011101
0000011100011111
0110011001101011
0000111000001101
1010100001100000
0001100100000000
0011000010101101
0000010100010110
1010101100101110
0000100100011111
0000110101010101
0000010100010110
0000001011101111
0100110011010000
1111000000001111
0101011100010100
1010000010111000
0011111010011010
0000011100011111
0110001110001100
0111101110001100
1001010100111101
0000100100011101
1100100010111111
0000100100011101
1001010111100000
0000100100011101
0101010110110100
0000100100011111
0100011110001001
1011101100011000
0010001001101011
1111111111010100
1100000000101111
0100000001110001
0000011100011111
1011000111011001
1011100101100011
1000111000110101
0011010101010010
0000010010000101
0000011100011111
1111100100101101
0000111000001101
1010111011110011
1011000010100001
0000100100011101
0101111100100010
0000010100010110
1110011011111011
0000011100011111
1011001001011100
0000111000001101
1001101000010001
0000011100011111
0000100100011111
0110000101011101
0000010100010110
0000011100011111
1100110100010111
0000111000001101
0000010100010110
0111100101000011
0000100100011101
0000011100011111
1100010100101110
0000111000001101
1001000011001110
1100111011010011
0111011010010011
0000010100010110
1100011001111001
0000100100011111
1000001011111010
0000010100010110
0011100010111011
1100100100101110
1011000101100110
1111001101001100
0111100100001000
1010000000011111
0000011100011111
0010110110001010
0010000100110100
0010010111010010
0000100100011101
0011110010000100
0000100100011101
0011101101011111
0000100100011101
1001110000100001
0000100100011111
1011000101000000
1100010111110001
1001111101101101
1000001011110101
1010101000110000
0011111100110001
0000011100011111
0000101000111100
0100010001001011
0011011110010110
1000010111011010
0101111010011111
0000011100011111
1011111111000000
0000111000001101
1100000100101111
0100000101101101
0000100100011101
0010000100011100
0000010100010110
1011011001110111
0000011100011111
0000101010111111
0000111000001101
1110111001111100
0000011100011111
0000100100011111
0001011001011000
0000010100010110
0000011100011111
1010111110111001
0000111000001101
0000010100010110
1001100011100011
0000100100011101
0000011100011111
0100000010110110
0000111000001101
1110011100010101
0010111011000011
0110010100011000
0000010100010110
0110011110110111
0000100100011111
1011111110111110
0000010100010110
1010101110011011
0000001100101110
1110101110010110
0010100010101110
1111100110111101
1100011111011100
0000011100011111
0000001011010100
1000001011101101
1000001101001001
0000010100010110
0000000001111001
0000100100011111
1000100001101010
0000010100010110
1100101110010000
0101000010010001
0100111101010100
0110110000011110
1000011110100000
1100101011110111
0000011100011111
1001101011110011
0001101110010001
0111110001000110
0000100100011101
1100011001111110
0000100100011101
1000011010011010
0000100100011101
0000101000011010
0000100100011111
0000100101000011
1001110111010000
1000010111011110
1010011010000010
0000111100010100
1100011111111111
0000011100011111
0100110111000000
1011110111110110
1010011111111111
0110101101001100
1110010011010000
0000011100011111
0010110010111011
0000111000001101
1101111100011100
1101111000000000
0000100100011101
0010001010000111
0000010100010110
1001111011010100
0000011100011111
0111111110001111
0000111000001101
0111001010101101
0000011100011111
0000100100011111
1011111000011000
0000010100010110
0000011100011111
1011001111100001
0000111000001101
0000010100010110
0110010110111100
0000100100011101
0000011100011111
0001100011010010
0000111000001101
1100101101111111
0101011111010100
1101110010010000
0000010100010110
1001001111000001
0000100100011111
0101110101001111
0000010100010110
0011011100110001
0011100001110100
1111110111000010
0111001010101111
1101100010110101
0001001000111010
0000011100011111
1000101100001100
1001100100110100
1011101010011011
0000100100011101
1101111111010011
0000100100011101
0111100000111101
0000100100011101
0100100110010011
0000100100011111
1100000110111011
0001011101000101
1000010011100000
0110111100001011
1000101001001110
1111101011011110
0000011100011111
1111101101010101
1000111110000101
1011001011111111
0000010011000100
1011100000011000
0000011100011111
0011000010010101
0000111000001101
0101010111010000
1100000001101010
0000100100011101
0100010100010111
0000010100010110
0111101111101100
0000011100011111
0001111000101110
0000111000001101
0101101001100010
0000011100011111
0000100100011111
1010100111001011
0000010100010110
0000011100011111
1010111111110010
0000111000001101
0000010100010110
0001000011111001
0000100100011101
0000011100011111
1101001110010100
0000111000001101
0000111001100010
0001011001111110
1001010110000010
0000010100010110
0101010101111001
0000100100011111
0001111000010001
0000010100010110
0010110000100110
0011010011000000
0001000010001101
1110001011010100
0011110110000000
0000011101000101
0000011100011111
0111000100101111
1111001010110011
1100101101010000
0000100100011101
0000001100010000
0000100100011101
1101101100111001
0000100100011101
0101100011101010
0000100100011111
0100011110101111
0110111000111100
0000000011111110
1111110000111001
1000101111100111
1001101010001000
0000011100011111
0101100110100010
0010101001010001
0000000101001100
0000111111110101
0011000001101110
0000011100011111
0000001101111010
0000111000001101
0011011101011010
0100000110001010
0000100100011101
1110110101110010
0000010100010110
1110101110010001
0000011100011111
0100101001110111
0000111000001101
1001011100100000
0000011100011111
0000100100011111
1110111110100111
0000010100010110
0000011100011111
1000010010100001
0000111000001101
0000010100010110
1000110001100101
0000100100011101
0000011100011111
0000001101001000
0000111000001101
1110100010000011
1010110100000101
0001001000101010
0000010100010110
0000010011010010
0000100100011111
1001010110101011
0000010100010110
1111101110100101
1110110101101111
0111110001011011
0111101110000001
1001110100100011
1010100001011000
0000011100011111
0110111001110001
1111111110100110
0001101010000101
0000010100010110
1000010000111000
0000100100011111
0111010011010110
0000010100010110
0110010100010101
1101101010001101
1000001011011101
1001011110100110
0110111111011001
0101100010101111
0000011100011111
1011100000001010
1011001110100001
0101001001111011
0000100100011101
1101100111100010
0000100100011101
1000010011000000
0000100100011101
0000010101110111
0000100100011111
1011000000010100
1101100000000010
1000010001110010
0010010011101011
0101011110100111
1111100001000110
0000011100011111
1101001101111110
0010110011011001
1011101001111000
0010010111101000
1011011011101111
0000011100011111
0001101011110100
0000111000001101
0001100110010100
1110000100011011
0000100100011101
1010001111000011
0000010100010110
0001011100000111
0000011100011111
0100101100111010
0000111000001101
0011001010000100
0000011100011111
0000100100011111
1110110001011000
0000010100010110
0000011100011111
0011000000001111
0000111000001101
0000010100010110
0011010010011101
0000100100011101
0000011100011111
0110110011100001
0000111000001101
0100111010001100
1001100110101011
1001100111100000
0000010100010110
0000111101111111
0000100100011111
0111111011001110
0000010100010110
1101110000110110
0010010001001011
1011000101100111
0011100111000000
0011000110101010
0011111001110110
0000011100011111
0000100010000011
1110100000000000
0001110100000101
0000100100011101
1010001011111000
0000100100011101
0000100001111100
0000100100011101
0110111000100111
0000100100011111
0110111111100101
0100001010010010
1110110111010101
1100000000010001
1110010100010100
0100101010001010
0000011100011111
1011101011001001
0001111011000011
1111010011101100
1111111101111001
0100011110010101
0000011100011111
0011001011101001
0000111000001101
1100111100010000
1111001011100101
0000100100011101
1101101101101110
0000010100010110
1011000011010100
0000011100011111
0101011000001100
0000111000001101
1111111011001100
0000011100011111
0000100100011111
1000011110101011
0000010100010110
0000011100011111
0010111100000101
0000111000001101
0000010100010110
1110101110000011
0000100100011101
0000011100011111
1001110101100101
0000111000001101
0011010101010100
0010010100111100
0100111101010010
0000010100010110
1011000011001000
0000100100011111
1000010100110100
0000010100010110
1001101100010000
0100100101101110
0100110110100100
0100111110111111
1000010010000111
0101001111001101
0000011100011111
0001111001010010
0010011000101000
0001100000000010
0000100100011101
1010000011000111
0000100100011101
0100111111101101
0000100100011101
1110110101110111
0000100100011111
1010000111110010
1101011000100001
0111000001001101
1000000111001011
1011110110011110
1111011101110111
0000011100011111
1100101001010011
0000110010101101
1111011000100111
1101100010111000
0100010001011011
0000011100011111
0100011100100101
0000111000001101
0111010010111101
0110001100111010
0000100100011101
1010001000011100
0000010100010110
1111100110100101
0000011100011111
1110010001100110
0000111000001101
1000101001100010
0000011100011111
0000100100011111
0000101000010111
0000010100010110
0000011100011111
0101100011011111
0000111000001101
0000010100010110
0010101101000011
0000100100011101
0000011100011111
1111010000100111
0000111000001101
0011010100010111
1101110010000010
1010000100110111
0000010100010110
0110101111001110
0000100100011111
1100000100000100
0000010100010110
0000010101001101
0001010101110101
0101101011000000
1000001001101000
1110010010000001
1011100101010001
0000011100011111
1011110110000111
1010100001010010
0001111100100001
0000010100010110
0100010100001110
0000100100011111
0111010100000110
0000010100010110
1010100111101100
0111011101000111
0111100000111110
1010010010001000
1011000000110101
0000011001011000
0000011100011111
1010101101011010
1011000110101010
1111100100111010
0000100100011101
0101001110101100
0000100100011101
1110101000111000
0000100100011101
1101010100110101
0000100100011111
0010011100010110
1001100010110100
1111000111011010
1100111111100000
0010100001101110
0001111001110111
0000011100011111
0000110111110011
0110110000000010
0000111101100011
1111111001111001
0110011001101111
0000011100011111
0010001011110001
0000111000001101
1000001001001000
1000010001011100
0000100100011101
1010101100101000
0000010100010110
0000101010011010
0000011100011111
0100100000000101
0000111000001101
1011001100100000
0000011100011111
0000100100011111
1000110100000101
0000010100010110
0000011100011111
1110111011010101
0000111000001101
0000010100010110
1101000001001011
0000100100011101
0000011100011111
1010100110011100
0000111000001101
0001110001010010
0110011111100100
1110101001110001
0000010100010110
1100110111000010
0000100100011111
0111010101000111
0000010100010110
1011110111001111
0101101101001010
1110000101100111
0101011100010010
0110001110101010
1111010101010110
0000011100011111
0011011101010101
1011000000010110
1101100011100001
0000100100011101
0101010111101111
0000100100011101
1100111000101010
0000100100011101
1010000100101000
0000100100011111
0011111111001000
0101101100101011
1111110101110101
1110010111100000
1101110001101110
0011001111010011
0000011100011111
0011011100111110
1001000100111011
0001111001001011
0011001010101000
0011100110010010
0000011100011111
1001100010110100
0000111000001101
0110010000000101
1100110001010011
0000100100011101
0011011011011000
0000010100010110
0010011101110011
0000011100011111
1100010110010101
0000111000001101
1011001000000001
0000011100011111
0000100100011111
1110100001010010
0000010100010110
0000011100011111
1110101101010011
0000111000001101
0000010100010110
1110100000001011
0000100100011101
0000011100011111
1111101011110110
0000111000001101
1100111110011010
0000011110011010
0101011101110100
0000010100010110
1011100100000101
0000100100011111
0110110000001110
0000010100010110
1100011000111100
1001010110011001
0011011101101110
1111101010011100
0000001110111100
1011111101000101
0000011100011111
0110101100110000
0101000111000011
0011100001111000
0000100100011101
0100011011011001
0000100100011101
1100010001110000
0000100100011101
1001000100100100
0000100100011111
1111001010001110
1011010110100000
0101011011011011
1101001111110111
0000111100011000
1011100001001010
0000011100011111
1001110111110010
0011011001110010
0011111111100010
1110101010101010
0111110110111001
0000011100011111
1101000111001100
0000111000001101
0110100000101110
1100000111100010
0000100100011101
1000010001101101
0000010100010110
0000011111010111
0000011100011111
0111011010111110
0000111000001101
1111001100000100
0000011100011111
0000100100011111
0001011000110100
0000010100010110
0000011100011111
0001001101111111
0000111000001101
0000010100010110
1000011110100001
0000100100011101
0000011100011111
0011010101000011
0000111000001101
1010111100000010
1100111010110000
1100110001001011
0000010100010110
0010000110000100
0000100100011111
1111001000111101
0000010100010110
1010101010101110
1000101011001010
1111010110100001
1101011010000011
1111110000100010
0010000010100000
